HlSfflRlARUU unos

411

maim-mmmm mmmmm*

mmmmm.
-11166116111166116661661661616

04, 10. 614. 6101, 60. 40, 19.

-1166111161 66161616616661, 33,06.

..4.311101616661166666161666611616·
6666160006.

131130οΜ010

-161661611611116616, 30, 0. 66161-
161, multifarium orti, 14161611 6616-
6161166166111166611, 9, 00.

-16106111616666,39,99.43, 15.

- 161611 16 111616 661111 6116111, 16
1116111606,04,10.

·- 161661 16101666161611611616 6116

equinum-timi, 33, 06.
-166911111, 34, 46.

- 1661661611,07,11.

-· 16616 0106666,“ 1166 61116 61616611-
061 66611616116116 qua 6111,“ 61 111116·
dinem 1666111616 6166166, 15.

6- 16664 sunguine 16161611, 07, 03.

-· 1661 66111 6 16116 66616, 40, 0.

·.- 16616 16 6116 0616161616616166661
Ι911616 466616 6661611, 41, 13.

·- lapidibus pluit, 1, 31. 7, 08 01, 60.
1661461 1166666166 6161111111 166111
66614661, 00, 36. 03,31.05,7. 06, 03.
07, 37. 09, 10. 61 14. 30, 39. 34, 45.

35936,..3739,36 39,.00 40,0.
⁴⁴2 186 ⁸
· - 166161 16 6666161116 ionga 66611,

-16616661 61611111 111 16616616’ 61616,

-1666616166616161666011666666
1466666661, 6611611161, 6616661
agrum 61161 pum 6666611630, 0.
614. 61 40, 0. 61 10.

-166660461116146 61616116ωο737.
-16666461611116161661116,00,1.
-16661 fugit 14 96616661,’ 61 1116
6116166, 10, 07. cipue 6611116 66616
hur-²¹¹· 111161 vigilem, 07, {if-Et·
6611161 66116 1116166166 {seminini
66116 61011, 661 6611161 0166110111
06001603011400
6166 661611, 01, 60.

, -Lupi 6161 1601611606, 3, 09. 961·-
61116 6116 1661, 6661661166οά 60-
'Vim Imm, 32, 296 “

““ 11130111 Μ6286116296146326296

⁸- ere 'nit’ 23, 1116
’- Mirm! ffim'me 1⁰⁰.. 1⁰2 6966 226 16

6121616616666607ΛΙ. .’6137. 31, 60.

‹— 1¹an mgnum 6661161116 16 1616
011166616611160661 61166601, 60.
-461166 6666661116 46161166 1666 61

666120

-746116661111, 37,3.
-1411166166166166,40,0.6145.
-166166 16 64616616 66666661 66·
111607, 03641. 61300.
-Μ6111661“ thalamun,
440603. 6,11.6103.09,14.30,
33 35,01.07,3.46,16.
-Mum 66166616 6116111061 ‹io-
moemffi7w9.nw.
q-Nssfldffifflm QQ·
mut, 36, 37. 41, 13.

.-66666166666666616616666166

ffflmwffimmffl·

-Nninmqedoedwdofflssli

⁸¹· Nol {nimiu Vh 111ιῶ6 76 πο
..- Nux 66 6161611666, 04, 10.
...961611 viridi 61611, 1016. 16 ab
0116166616 Fortun· 16 6166 66616,
- 9666661616ωῆ, 1.’
...0616166116 16616, 6110111666 666
1611166161,40..10.
-91166666161666611,661166161161111
ι6611166,1110611666111166616011,40,0.
-ς961666 eum 616 11661666 66111161,
-96666016666 116166, 09, 11. nn
0616166 616116 30, 9. “
-9611166661611616,09, 14. 30,1.
35, 944616.

&mmm

34456616163501 1161161611
666646136166666166606166
4661106641μο6 ν
-966111666661666611116616661
11111,34,43.

-914111610116661666116161666410116,
30,1.

..διῳὴίιήνὶμπ «imminu-
616161616966611166,06,03.166616
0661661007, 37. minimum
96660661106106611611660634,
45. 316661666666166661Η45 16.
41666166 61611 (,111666,611611161
mmmm, 10661 0146616111
6161966161, 39,.4661166166066.
6611116639, 96614.ι140,19.43,15.
-snumingmiimevolimm,
...911616611661666611616111616166111111
1616611111,οι 1
-366116666616611664111611, 1414.
-96161161639, 00.

-916616616616 16 miili-node ’

6616116166,07,11.
-916611686011111 611166 emm 611·
mistuw- 1666611661ωωῦ

 

