482 INDEX IN Τ. mvn

0110101,111101010101,11,11 Sociorum 60100110, 8001110 00111111, 1111.
0.811101,11110111111001101111000101,4 1101111101.
860800101101,101Μο11011101,8111176 80011 10110,21,41.010101110001-
8111111, 01111, 28, 12. 11100, 42, 27.

81111, ιιιι Sylva 801 111001 1101 10111111 11001, ι1ι. 1110111-

. 81111001, 011106 111001. 11001.
8111101, 01110 8111101. 80111 eclipsin, 37,4.

81011110 101111, 39, 12. 8011 mm 000001111 Philippu· 10 inmte
8101010010 10001111 Regina coprem AEmo, 40 22.

1111001111,17,17..601100001>.0 81000 1118110310111111-
Simone· 1011011010, conditorum urb‘n, 101001, 1, 5.

nub uberibus 10110, 111 menn 811011· -8111011110101,1, 21.

11110111 1111111, 10,23. 8011011111011101 33.,20. 37,56
8101011011 10 11101,.22,1 8011101101,10110011101,34,14.
Simulacrum 11000111· 10 6111110110 pni- 8011111100ιο tripudium, 10, 40.

11110,11011111111011100,9,44. 80100,11101001111 Ρ1100,44,4.’1.
8101111100 pugne 1011011111 01 011111 8010011101οι 11011111 8001000101ιο·

01110101811111000,29,22. 11111110,·3,31.·

8101100111 11101, 38, 13. 80100101 agen, 8, 12. inum 010111110-
8100110 01111, 0181000111, 10,21. 0010 11011101 11οι11101, ibid. ,
Sinope, 01111 001101,38,18.80101011101,11111 (1111011101, 45, 34.
Sinopensium 011ιο1, 40,2. solstitium, 44, 36.
81011142, 31. 801111111301011,1,19.
610110010110,44,46. ’30111111110100010 35, 40.
8101110110111101, 42, 81. 46, 29. 8011101001 Τ. Atinii‚'2, 36. 8001111111,
81000111, 01111, 811. 0010011, 10 21. 21, 22.
22,14.801111οι81110011111101010101101,24,23.
Sinum 10100111 00111111 1111110, 27, 0101 011110 110 3011111030ιὶ 01 ’100-

38. 36,3. 101111 010110, 25.

8100011100 111010, 22, 13. 80111101, 11011 81111111ιὶ 1011110ωο101-
sinus 8111111101, 10, 2. Ι 1001 1011111 militum· 10 Africam 11111·

- 18011000, 28, 5. 011, 30, 20. 00111 0011111011 1101111011
...80101101003214 38,4. 11111 10111101 petunt 101111 Philippi,
- 81111 11011101, 37, 17
-60110111111111,26,26. 28, 7. 38, 80111101 811101011101001111 6011011111,
-800011000028310101601101,31,23.

-80001001, 31, 47. sep-nr. 3011801101, 1110110 1010160110·
- (11111001, 26, 19. 30, 19. 84,8. 111010ιο11, 42, 66.
- 8111111111, 27, 30. 31,46. 35, 37. 0011οι, 0101811010ὴῶ0 811110

36,11. 01 14. lin, 30, 12. eju ιι Μ1110111110
-1111111111110 37, 23. 011110, ibid. 0111111 Maniam. 11111.
- Το10101111111,37, 16. 1000111110, 1101 ι 8111101101 mium,
·- ’111011101100824 11111111 intrepide, 18.
811100111001010111111881011011081118011,ο1111111110,1ι11110111101111011,7,28.

10011,8,24.10101100111 Romanorum 0010011, 10-
8111001010 001001101111110 Romanorum 6111 1181001101, 9, 2301040001

deducu, 34 43. 39, 23. 010110110001110. expugnatur
8111111,30,43.37, 11. 18101011ιο01, 43. 1011111101, 44.
8111110ιί011 1810111131, 46. 9011111 0010111110 1011001010111101010010
Sira oppidum 101110 030101010043 4 mina, 10, 1.
8110011110111001101025,3.11·11.0141,22. 308011,1004 10111101 1010000100110-
80111111, urbo 37,35.1110111111111111 0100001010,ωο01010001011010,29,

1001, 33, 38. obsidetur 1118011001ιί1 15.

0011111, 1611111111. 01 35, 42. 80111101 ager, 10,14. 01 33.
8111110111.37.16 11111111100110 110- 6013110101 0100111111 10101ιὶ00010-

0100143001110111103839.1001,6,20.0111.0127,34.
Socii 8010100100,·11003010101 01101- 6010110011111100οΗ 1 26.

0110 11010100, proprii· 111111ιο 110110οι 6011·ιο 11100101 ponito, 41, 22.

101010 0001111001111,,2 53. 8,4. 801101 Care 0110001021, 62. 22,1.
800111 1101010010οἰ0 110110 8001111111 0111.οι Prodigium

00111111 11301,ι11111111110 0110060010 -0110011Ρ110101,3,15.

101001010110110110, 22, 13. - 001010111010, 8,24.

 

